
=== Target Sell Zone (2021-05-10 to 2022-04-12) ===
Date         | Close    | RSI    | EMA200   | Ext%   | Stoch Bear
--------------------------------------------------------------------------------
2021-05-10   | 3950.69  | 81.12  | 1627.17  | 142.80 |           
2021-05-11   | 4179.24  | 83.54  | 1652.56  | 152.89 |           
2021-05-12   | 3830.64  | 69.05  | 1674.24  | 128.80 | YES       
2021-05-13   | 3719.48  | 65.17  | 1694.59  | 119.49 |           
2021-05-14   | 4080.66  | 70.89  | 1718.33  | 137.48 |           
2021-05-15   | 3647.79  | 58.48  | 1737.53  | 109.94 |           
2021-05-16   | 3584.81  | 56.92  | 1755.91  | 104.16 |           
2021-05-17   | 3283.10  | 50.03  | 1771.11  | 85.37  |           
2021-05-18   | 3378.74  | 52.02  | 1787.10  | 89.06  |           
2021-05-19   | 2444.76  | 36.70  | 1793.65  | 36.30  |           
2021-05-20   | 2774.64  | 43.08  | 1803.41  | 53.86  |           
2021-05-21   | 2434.75  | 38.75  | 1809.69  | 34.54  |           
2021-05-22   | 2297.01  | 37.12  | 1814.54  | 26.59  |           
2021-05-23   | 2098.76  | 34.85  | 1817.37  | 15.48  |           
2021-05-24   | 2650.38  | 44.94  | 1825.65  | 45.17  |           
2021-05-25   | 2707.24  | 45.87  | 1834.43  | 47.58  |           
2021-05-26   | 2888.97  | 48.84  | 1844.92  | 56.59  |           
2021-05-27   | 2742.48  | 46.62  | 1853.85  | 47.93  |           
2021-05-28   | 2412.37  | 41.98  | 1859.41  | 29.74  |           
2021-05-29   | 2279.64  | 40.24  | 1863.59  | 22.33  |           
2021-05-30   | 2388.39  | 42.35  | 1868.81  | 27.80  | YES       
2021-05-31   | 2707.22  | 48.11  | 1877.15  | 44.22  |           
2021-06-01   | 2634.30  | 46.95  | 1884.69  | 39.77  |           
2021-06-02   | 2706.80  | 48.28  | 1892.87  | 43.00  |           
2021-06-03   | 2855.97  | 51.01  | 1902.45  | 50.12  |           
2021-06-04   | 2691.65  | 48.01  | 1910.30  | 40.90  |           
2021-06-05   | 2629.34  | 46.88  | 1917.46  | 37.13  |           
2021-06-06   | 2711.49  | 48.59  | 1925.36  | 40.83  |           
2021-06-07   | 2593.38  | 46.29  | 1932.01  | 34.23  |           
2021-06-08   | 2509.06  | 44.65  | 1937.75  | 29.48  |           
2021-06-09   | 2611.01  | 47.08  | 1944.45  | 34.28  |           
2021-06-10   | 2471.11  | 44.22  | 1949.69  | 26.74  |           
2021-06-11   | 2355.14  | 41.94  | 1953.72  | 20.55  | YES       
2021-06-12   | 2369.26  | 42.33  | 1957.86  | 21.01  |           
2021-06-13   | 2509.88  | 46.20  | 1963.35  | 27.84  |           
2021-06-14   | 2582.49  | 48.14  | 1969.51  | 31.12  |           
2021-06-15   | 2543.92  | 47.17  | 1975.22  | 28.79  |           
2021-06-16   | 2367.61  | 42.90  | 1979.13  | 19.63  |           
2021-06-17   | 2372.74  | 43.06  | 1983.05  | 19.65  |           
2021-06-18   | 2232.38  | 39.76  | 1985.53  | 12.43  |           
2021-06-19   | 2165.97  | 38.26  | 1987.32  | 8.99   |           
2021-06-20   | 2243.04  | 41.03  | 1989.87  | 12.72  |           
2021-06-21   | 1886.53  | 33.53  | 1988.84  | -5.14  |           
2021-06-22   | 1880.80  | 33.42  | 1987.76  | -5.38  |           
2021-06-23   | 1968.36  | 36.71  | 1987.57  | -0.97  |           
2021-06-24   | 1986.49  | 37.40  | 1987.56  | -0.05  |           
2021-06-25   | 1810.20  | 33.57  | 1985.79  | -8.84  |           
2021-06-26   | 1829.81  | 34.37  | 1984.24  | -7.78  | YES       
2021-06-27   | 1983.72  | 40.47  | 1984.24  | -0.03  |           
2021-06-28   | 2084.01  | 44.11  | 1985.23  | 4.98   |           
2021-06-29   | 2164.82  | 46.93  | 1987.02  | 8.95   |           
2021-06-30   | 2276.97  | 50.65  | 1989.90  | 14.43  |           
2021-07-01   | 2108.36  | 45.49  | 1991.08  | 5.89   |           
2021-07-02   | 2155.72  | 47.12  | 1992.72  | 8.18   |           
2021-07-03   | 2227.33  | 49.58  | 1995.05  | 11.64  |           
2021-07-04   | 2323.88  | 52.76  | 1998.33  | 16.29  |           
2021-07-05   | 2198.04  | 48.46  | 2000.31  | 9.88   |           
2021-07-06   | 2322.55  | 52.58  | 2003.52  | 15.92  |           
2021-07-07   | 2315.40  | 52.32  | 2006.62  | 15.39  |           
2021-07-08   | 2116.28  | 45.60  | 2007.71  | 5.41   |           
2021-07-09   | 2146.81  | 46.73  | 2009.10  | 6.85   |           
2021-07-10   | 2110.35  | 45.51  | 2010.10  | 4.99   | YES       
2021-07-11   | 2139.63  | 46.71  | 2011.39  | 6.38   |           
2021-07-12   | 2032.56  | 42.99  | 2011.60  | 1.04   |           
2021-07-13   | 1940.35  | 40.03  | 2010.90  | -3.51  |           
2021-07-14   | 1994.21  | 42.52  | 2010.73  | -0.82  |           
2021-07-15   | 1917.23  | 39.96  | 2009.80  | -4.61  |           
2021-07-16   | 1876.43  | 38.64  | 2008.47  | -6.57  |           
2021-07-17   | 1899.13  | 39.83  | 2007.38  | -5.39  |           
2021-07-18   | 1891.39  | 39.55  | 2006.23  | -5.72  |           
2021-07-19   | 1817.85  | 36.87  | 2004.36  | -9.31  |           
2021-07-20   | 1785.90  | 35.74  | 2002.18  | -10.80 |           
2021-07-21   | 1995.54  | 47.20  | 2002.12  | -0.33  |           
2021-07-22   | 2022.63  | 48.48  | 2002.32  | 1.01   |           
2021-07-23   | 2125.24  | 53.11  | 2003.54  | 6.07   |           
2021-07-24   | 2186.30  | 55.67  | 2005.36  | 9.02   |           
2021-07-25   | 2193.15  | 55.95  | 2007.23  | 9.26   |           
2021-07-26   | 2228.67  | 57.51  | 2009.43  | 10.91  |           
2021-07-27   | 2302.03  | 60.59  | 2012.34  | 14.40  |           
2021-07-28   | 2300.18  | 60.47  | 2015.21  | 14.14  |           
2021-07-29   | 2383.13  | 63.91  | 2018.87  | 18.04  |           
2021-07-30   | 2464.19  | 66.93  | 2023.30  | 21.79  |           
2021-07-31   | 2530.71  | 69.21  | 2028.35  | 24.77  |           
2021-08-01   | 2556.45  | 70.07  | 2033.60  | 25.71  |           
2021-08-02   | 2608.62  | 71.79  | 2039.33  | 27.92  |           
2021-08-03   | 2507.94  | 64.13  | 2043.99  | 22.70  |           
2021-08-04   | 2724.66  | 71.24  | 2050.76  | 32.86  |           
2021-08-05   | 2829.65  | 73.94  | 2058.51  | 37.46  |           
2021-08-06   | 2892.68  | 75.42  | 2066.81  | 39.96  | YES       
2021-08-07   | 3162.79  | 80.55  | 2077.72  | 52.22  |           
2021-08-08   | 3014.22  | 71.69  | 2087.04  | 44.43  |           
2021-08-09   | 3164.89  | 74.73  | 2097.76  | 50.87  |           
2021-08-10   | 3141.79  | 73.43  | 2108.15  | 49.03  |           
2021-08-11   | 3163.34  | 73.88  | 2118.65  | 49.31  | YES       
2021-08-12   | 3047.10  | 67.18  | 2127.89  | 43.20  |           
2021-08-13   | 3324.27  | 73.38  | 2139.79  | 55.35  |           
2021-08-14   | 3266.92  | 70.42  | 2151.01  | 51.88  |           
2021-08-15   | 3311.97  | 71.39  | 2162.56  | 53.15  |           
2021-08-16   | 3147.20  | 63.17  | 2172.36  | 44.88  | YES       
2021-08-17   | 3011.99  | 57.33  | 2180.71  | 38.12  |           
2021-08-18   | 3013.88  | 57.39  | 2189.00  | 37.68  |           
2021-08-19   | 3184.76  | 62.47  | 2198.91  | 44.83  |           
2021-08-20   | 3286.48  | 65.13  | 2209.73  | 48.73  |           
2021-08-21   | 3226.30  | 62.31  | 2219.84  | 45.34  |           
2021-08-22   | 3241.18  | 62.74  | 2230.01  | 45.34  |           
2021-08-23   | 3321.89  | 65.07  | 2240.87  | 48.24  |           
2021-08-24   | 3173.39  | 57.91  | 2250.15  | 41.03  |           
2021-08-25   | 3229.43  | 59.71  | 2259.89  | 42.90  | YES       
2021-08-26   | 3093.22  | 53.70  | 2268.19  | 36.37  |           
2021-08-27   | 3275.47  | 59.57  | 2278.21  | 43.77  |           
2021-08-28   | 3246.77  | 58.31  | 2287.85  | 41.91  |           
2021-08-29   | 3225.45  | 57.35  | 2297.18  | 40.41  |           
2021-08-30   | 3227.88  | 57.43  | 2306.44  | 39.95  |           
2021-08-31   | 3431.58  | 64.02  | 2317.63  | 48.06  |           
2021-09-01   | 3831.16  | 72.88  | 2332.69  | 64.24  |           
2021-09-02   | 3789.13  | 70.90  | 2347.18  | 61.43  |           
2021-09-03   | 3939.03  | 73.65  | 2363.02  | 66.69  |           
2021-09-04   | 3887.32  | 71.16  | 2378.19  | 63.46  |           
2021-09-05   | 3952.57  | 72.43  | 2393.86  | 65.11  |           
2021-09-06   | 3928.63  | 71.19  | 2409.13  | 63.07  |           
2021-09-07   | 3433.10  | 51.54  | 2419.32  | 41.90  | YES       
2021-09-08   | 3498.99  | 53.39  | 2430.06  | 43.99  |           
2021-09-09   | 3423.93  | 51.01  | 2439.95  | 40.33  |           
2021-09-10   | 3209.23  | 44.85  | 2447.60  | 31.12  |           
2021-09-11   | 3266.35  | 46.69  | 2455.75  | 33.01  |           
2021-09-12   | 3405.71  | 51.00  | 2465.20  | 38.15  |           
2021-09-13   | 3284.78  | 47.42  | 2473.36  | 32.81  |           
2021-09-14   | 3434.89  | 51.93  | 2482.92  | 38.34  |           
2021-09-15   | 3615.31  | 56.73  | 2494.19  | 44.95  |           
2021-09-16   | 3569.66  | 55.23  | 2504.89  | 42.51  |           
2021-09-17   | 3399.06  | 49.90  | 2513.79  | 35.22  |           
2021-09-18   | 3436.14  | 51.01  | 2522.97  | 36.19  |           
2021-09-19   | 3328.90  | 47.73  | 2530.99  | 31.53  |           
2021-09-20   | 2977.31  | 38.90  | 2535.43  | 17.43  | YES       
2021-09-21   | 2765.45  | 34.73  | 2537.72  | 8.97   |           
2021-09-22   | 3078.87  | 44.25  | 2543.10  | 21.07  |           
2021-09-23   | 3154.68  | 46.29  | 2549.19  | 23.75  |           
2021-09-24   | 2930.44  | 41.46  | 2552.98  | 14.79  |           
2021-09-25   | 2925.95  | 41.36  | 2556.69  | 14.44  |           
2021-09-26   | 3062.40  | 45.38  | 2561.72  | 19.54  |           
2021-09-27   | 2925.95  | 42.26  | 2565.35  | 14.06  |           
2021-09-28   | 2807.14  | 39.71  | 2567.75  | 9.32   | YES       
2021-09-29   | 2850.68  | 41.11  | 2570.57  | 10.90  |           
2021-09-30   | 3000.43  | 45.80  | 2574.85  | 16.53  |           
2021-10-01   | 3310.76  | 53.97  | 2582.17  | 28.22  |           
2021-10-02   | 3390.22  | 55.80  | 2590.21  | 30.89  |           
2021-10-03   | 3418.45  | 56.47  | 2598.45  | 31.56  |           
2021-10-04   | 3385.76  | 55.43  | 2606.28  | 29.91  |           
2021-10-05   | 3516.21  | 58.69  | 2615.34  | 34.45  |           
2021-10-06   | 3576.15  | 60.14  | 2624.90  | 36.24  |           
2021-10-07   | 3588.18  | 60.44  | 2634.48  | 36.20  |           
2021-10-08   | 3562.84  | 59.43  | 2643.72  | 34.77  |           
2021-10-09   | 3574.82  | 59.77  | 2652.99  | 34.75  |           
2021-10-10   | 3417.14  | 53.37  | 2660.59  | 28.44  |           
2021-10-11   | 3543.58  | 57.32  | 2669.37  | 32.75  | YES       
2021-10-12   | 3490.24  | 55.20  | 2677.54  | 30.35  |           
2021-10-13   | 3608.07  | 58.82  | 2686.80  | 34.29  |           
2021-10-14   | 3791.04  | 63.73  | 2697.79  | 40.52  |           
2021-10-15   | 3868.67  | 65.60  | 2709.44  | 42.78  |           
2021-10-16   | 3828.36  | 63.76  | 2720.57  | 40.72  |           
2021-10-17   | 3846.53  | 64.25  | 2731.78  | 40.81  |           
2021-10-18   | 3746.03  | 59.49  | 2741.87  | 36.62  | YES       
2021-10-19   | 3877.68  | 63.32  | 2753.17  | 40.84  |           
2021-10-20   | 4162.44  | 69.95  | 2767.19  | 50.42  |           
2021-10-21   | 4055.06  | 65.17  | 2780.01  | 45.87  |           
2021-10-22   | 3971.15  | 61.62  | 2791.86  | 42.24  |           
2021-10-23   | 4170.09  | 66.30  | 2805.57  | 48.64  |           
2021-10-24   | 4083.26  | 62.71  | 2818.29  | 44.88  |           
2021-10-25   | 4220.24  | 65.85  | 2832.24  | 49.01  |           
2021-10-26   | 4130.69  | 62.16  | 2845.16  | 45.18  |           
2021-10-27   | 3923.64  | 54.55  | 2855.89  | 37.39  |           
2021-10-28   | 4289.08  | 63.13  | 2870.15  | 49.44  |           
2021-10-29   | 4418.39  | 65.61  | 2885.55  | 53.12  |           
2021-10-30   | 4322.62  | 62.27  | 2899.85  | 49.06  |           
2021-10-31   | 4289.93  | 61.13  | 2913.68  | 47.23  |           
2021-11-01   | 4323.77  | 61.91  | 2927.72  | 47.68  |           
2021-11-02   | 4593.46  | 67.50  | 2944.29  | 56.01  |           
2021-11-03   | 4606.23  | 67.74  | 2960.83  | 55.57  |           
2021-11-04   | 4537.75  | 64.95  | 2976.52  | 52.45  | YES       
2021-11-05   | 4493.00  | 63.13  | 2991.61  | 50.19  |           
2021-11-06   | 4522.26  | 63.84  | 3006.84  | 50.40  |           
2021-11-07   | 4595.38  | 65.64  | 3022.64  | 52.03  |           
2021-11-08   | 4811.71  | 70.33  | 3040.45  | 58.26  |           
2021-11-09   | 4681.59  | 64.62  | 3056.78  | 53.15  | YES       
2021-11-10   | 4633.57  | 62.59  | 3072.46  | 50.81  |           
2021-11-11   | 4722.64  | 64.79  | 3088.88  | 52.89  |           
2021-11-12   | 4670.15  | 62.46  | 3104.62  | 50.43  |           
2021-11-13   | 4617.64  | 60.13  | 3119.67  | 48.02  |           
2021-11-14   | 4628.40  | 60.45  | 3134.69  | 47.65  |           
2021-11-15   | 4564.08  | 57.43  | 3148.91  | 44.94  |           
2021-11-16   | 4210.74  | 44.33  | 3159.47  | 33.27  |           
2021-11-17   | 4291.64  | 47.29  | 3170.74  | 35.35  |           
2021-11-18   | 3992.14  | 39.01  | 3178.91  | 25.58  |           
2021-11-19   | 4299.79  | 48.91  | 3190.07  | 34.79  |           
2021-11-20   | 4415.38  | 52.06  | 3202.26  | 37.88  |           
2021-11-21   | 4264.35  | 47.90  | 3212.83  | 32.73  |           
2021-11-22   | 4091.42  | 43.61  | 3221.57  | 27.00  |           
2021-11-23   | 4341.85  | 50.52  | 3232.71  | 34.31  |           
2021-11-24   | 4271.43  | 48.72  | 3243.05  | 31.71  |           
2021-11-25   | 4526.07  | 54.99  | 3255.82  | 39.01  |           
2021-11-26   | 4044.74  | 44.03  | 3263.67  | 23.93  | YES       
2021-11-27   | 4100.02  | 45.37  | 3271.99  | 25.31  |           
2021-11-28   | 4299.50  | 50.04  | 3282.21  | 30.99  |           
2021-11-29   | 4447.69  | 53.24  | 3293.81  | 35.03  |           
2021-11-30   | 4631.96  | 56.94  | 3307.12  | 40.06  |           
2021-12-01   | 4587.83  | 55.80  | 3319.87  | 38.19  |           
2021-12-02   | 4514.87  | 53.89  | 3331.76  | 35.51  |           
2021-12-03   | 4220.52  | 46.89  | 3340.60  | 26.34  |           
2021-12-04   | 4124.83  | 44.85  | 3348.40  | 23.19  |           
2021-12-05   | 4200.93  | 46.83  | 3356.89  | 25.14  | YES       
2021-12-06   | 4355.30  | 50.70  | 3366.82  | 29.36  |           
2021-12-07   | 4310.12  | 49.56  | 3376.21  | 27.66  |           
2021-12-08   | 4440.76  | 52.85  | 3386.80  | 31.12  |           
2021-12-09   | 4106.20  | 44.80  | 3393.96  | 20.99  |           
2021-12-10   | 3901.22  | 40.70  | 3399.01  | 14.78  | YES       
2021-12-11   | 4089.49  | 45.62  | 3405.88  | 20.07  |           
2021-12-12   | 4134.57  | 46.76  | 3413.13  | 21.14  |           
2021-12-13   | 3784.61  | 39.79  | 3416.82  | 10.76  |           
2021-12-14   | 3861.98  | 41.85  | 3421.25  | 12.88  |           
2021-12-15   | 4020.79  | 45.95  | 3427.22  | 17.32  |           
2021-12-16   | 3956.77  | 44.58  | 3432.49  | 15.27  |           
2021-12-17   | 3877.80  | 42.90  | 3436.92  | 12.83  | YES       
2021-12-18   | 3961.91  | 45.27  | 3442.14  | 15.10  |           
2021-12-19   | 3924.54  | 44.39  | 3446.94  | 13.86  |           
2021-12-20   | 3944.15  | 45.00  | 3451.89  | 14.26  |           
2021-12-21   | 4018.28  | 47.34  | 3457.53  | 16.22  |           
2021-12-22   | 3981.18  | 46.28  | 3462.74  | 14.97  |           
2021-12-23   | 4112.82  | 50.52  | 3469.20  | 18.55  |           
2021-12-24   | 4049.12  | 48.52  | 3474.98  | 16.52  |           
2021-12-25   | 4097.34  | 50.13  | 3481.17  | 17.70  |           
2021-12-26   | 4064.00  | 48.99  | 3486.97  | 16.55  |           
2021-12-27   | 4038.04  | 48.07  | 3492.45  | 15.62  |           
2021-12-28   | 3792.68  | 40.39  | 3495.44  | 8.50   | YES       
2021-12-29   | 3628.97  | 36.23  | 3496.77  | 3.78   |           
2021-12-30   | 3710.11  | 39.55  | 3498.89  | 6.04   |           
2021-12-31   | 3676.83  | 38.66  | 3500.66  | 5.03   |           
2022-01-01   | 3767.54  | 42.46  | 3503.32  | 7.54   |           
2022-01-02   | 3830.84  | 45.02  | 3506.57  | 9.25   |           
2022-01-03   | 3765.49  | 42.90  | 3509.15  | 7.30   |           
2022-01-04   | 3785.76  | 43.79  | 3511.90  | 7.80   |           
2022-01-05   | 3538.64  | 36.38  | 3512.17  | 0.75   |           
2022-01-06   | 3406.91  | 33.16  | 3511.12  | -2.97  | YES       
2022-01-07   | 3197.03  | 28.79  | 3508.00  | -8.86  |           
2022-01-08   | 3080.54  | 26.69  | 3503.74  | -12.08 |           
2022-01-09   | 3151.52  | 30.04  | 3500.24  | -9.96  |           
2022-01-10   | 3084.39  | 28.71  | 3496.10  | -11.78 |           
2022-01-11   | 3240.99  | 35.88  | 3493.56  | -7.23  |           
2022-01-12   | 3373.42  | 41.25  | 3492.37  | -3.41  |           
2022-01-13   | 3241.30  | 37.84  | 3489.87  | -7.12  |           
2022-01-14   | 3309.83  | 40.59  | 3488.08  | -5.11  |           
2022-01-15   | 3329.28  | 41.38  | 3486.50  | -4.51  |           
2022-01-16   | 3347.78  | 42.17  | 3485.12  | -3.94  |           
2022-01-17   | 3244.02  | 39.00  | 3482.72  | -6.85  |           
2022-01-18   | 3206.56  | 37.89  | 3479.97  | -7.86  | YES       
2022-01-19   | 3148.64  | 36.18  | 3476.67  | -9.44  |           
2022-01-20   | 3086.41  | 34.38  | 3472.79  | -11.13 |           
2022-01-21   | 2762.21  | 26.89  | 3465.72  | -20.30 |           
2022-01-22   | 2644.43  | 24.78  | 3457.55  | -23.52 |           
2022-01-23   | 2742.13  | 29.71  | 3450.43  | -20.53 |           
2022-01-24   | 2667.49  | 28.19  | 3442.64  | -22.52 |           
2022-01-25   | 2680.17  | 28.86  | 3435.05  | -21.98 |           
2022-01-26   | 2683.40  | 29.04  | 3427.57  | -21.71 |           
2022-01-27   | 2425.83  | 23.84  | 3417.60  | -29.02 |           
2022-01-28   | 2547.28  | 30.19  | 3408.94  | -25.28 |           
2022-01-29   | 2603.03  | 32.95  | 3400.93  | -23.46 |           
2022-01-30   | 2603.28  | 32.96  | 3392.99  | -23.27 |           
2022-01-31   | 2689.01  | 37.38  | 3385.98  | -20.58 |           
2022-02-01   | 2790.26  | 42.22  | 3380.06  | -17.45 |           
2022-02-02   | 2682.60  | 38.79  | 3373.12  | -20.47 |           
2022-02-03   | 2697.83  | 39.53  | 3366.40  | -19.86 |           
2022-02-04   | 2997.45  | 51.98  | 3362.73  | -10.86 |           
2022-02-05   | 3015.63  | 52.62  | 3359.27  | -10.23 |           
2022-02-06   | 3057.85  | 54.14  | 3356.27  | -8.89  |           
2022-02-07   | 3141.94  | 57.10  | 3354.14  | -6.33  |           
2022-02-08   | 3119.72  | 56.07  | 3351.81  | -6.92  |           
2022-02-09   | 3246.67  | 60.46  | 3350.76  | -3.11  |           
2022-02-10   | 3074.51  | 52.77  | 3348.01  | -8.17  |           
2022-02-11   | 2928.76  | 47.28  | 3343.84  | -12.41 | YES       
2022-02-12   | 2917.85  | 46.89  | 3339.60  | -12.63 |           
2022-02-13   | 2872.11  | 45.19  | 3334.95  | -13.88 |           
2022-02-14   | 2932.68  | 47.88  | 3330.95  | -11.96 |           
2022-02-15   | 3186.27  | 57.32  | 3329.51  | -4.30  |           
2022-02-16   | 3123.74  | 54.69  | 3327.46  | -6.12  |           
2022-02-17   | 2896.10  | 46.35  | 3323.17  | -12.85 |           
2022-02-18   | 2781.10  | 42.80  | 3317.78  | -16.18 |           
2022-02-19   | 2764.40  | 42.30  | 3312.27  | -16.54 |           
2022-02-20   | 2622.27  | 38.16  | 3305.40  | -20.67 |           
2022-02-21   | 2569.50  | 36.72  | 3298.08  | -22.09 |           
2022-02-22   | 2638.45  | 39.90  | 3291.52  | -19.84 |           
2022-02-23   | 2580.57  | 38.17  | 3284.44  | -21.43 |           
2022-02-24   | 2598.31  | 39.04  | 3277.62  | -20.73 |           
2022-02-25   | 2768.49  | 46.82  | 3272.55  | -15.40 |           
2022-02-26   | 2779.72  | 47.30  | 3267.65  | -14.93 |           
2022-02-27   | 2616.66  | 41.47  | 3261.17  | -19.76 |           
2022-02-28   | 2923.94  | 53.18  | 3257.81  | -10.25 |           
2022-03-01   | 2976.98  | 54.86  | 3255.02  | -8.54  |           
2022-03-02   | 2949.43  | 53.78  | 3251.98  | -9.30  |           
2022-03-03   | 2834.43  | 49.41  | 3247.82  | -12.73 |           
2022-03-04   | 2622.87  | 42.56  | 3241.61  | -19.09 | YES       
2022-03-05   | 2666.21  | 44.27  | 3235.88  | -17.60 |           
2022-03-06   | 2550.40  | 40.79  | 3229.06  | -21.02 | YES       
2022-03-07   | 2493.13  | 39.15  | 3221.74  | -22.62 |           
2022-03-08   | 2577.83  | 42.81  | 3215.33  | -19.83 |           
2022-03-09   | 2727.97  | 48.70  | 3210.48  | -15.03 |           
2022-03-10   | 2608.29  | 44.74  | 3204.49  | -18.61 |           
2022-03-11   | 2556.90  | 43.12  | 3198.04  | -20.05 | YES       
2022-03-12   | 2567.86  | 43.59  | 3191.77  | -19.55 |           
2022-03-13   | 2516.05  | 41.84  | 3185.05  | -21.00 |           
2022-03-14   | 2590.66  | 45.26  | 3179.14  | -18.51 | YES       
2022-03-15   | 2620.88  | 46.63  | 3173.58  | -17.42 |           
2022-03-16   | 2775.34  | 53.09  | 3169.62  | -12.44 |           
2022-03-17   | 2814.75  | 54.60  | 3166.09  | -11.10 |           
2022-03-18   | 2940.45  | 59.12  | 3163.84  | -7.06  |           
2022-03-19   | 2951.82  | 59.51  | 3161.73  | -6.64  |           
2022-03-20   | 2861.28  | 54.98  | 3158.74  | -9.42  |           
2022-03-21   | 2892.93  | 56.24  | 3156.10  | -8.34  |           
2022-03-22   | 2970.67  | 59.24  | 3154.25  | -5.82  |           
2022-03-23   | 3037.97  | 61.69  | 3153.10  | -3.65  |           
2022-03-24   | 3112.51  | 64.25  | 3152.69  | -1.27  |           
2022-03-25   | 3104.78  | 63.78  | 3152.22  | -1.50  |           
2022-03-26   | 3146.89  | 65.29  | 3152.16  | -0.17  |           
2022-03-27   | 3297.18  | 70.08  | 3153.61  | 4.55   |           
2022-03-28   | 3333.89  | 71.13  | 3155.40  | 5.66   |           
2022-03-29   | 3402.82  | 73.04  | 3157.86  | 7.76   | YES       
2022-03-30   | 3386.82  | 71.85  | 3160.14  | 7.17   |           
2022-03-31   | 3282.73  | 64.50  | 3161.36  | 3.84   |           
2022-04-01   | 3456.54  | 70.02  | 3164.30  | 9.24   |           
2022-04-02   | 3444.74  | 69.23  | 3167.09  | 8.77   | YES       
2022-04-03   | 3521.59  | 71.48  | 3170.61  | 11.07  |           
2022-04-04   | 3520.81  | 71.42  | 3174.10  | 10.92  |           
2022-04-05   | 3407.32  | 63.48  | 3176.42  | 7.27   | YES       
2022-04-06   | 3168.71  | 50.72  | 3176.34  | -0.24  |           
2022-04-07   | 3228.81  | 53.27  | 3176.87  | 1.64   |           
2022-04-08   | 3193.43  | 51.58  | 3177.03  | 0.52   |           
2022-04-09   | 3260.32  | 54.52  | 3177.86  | 2.59   |           
2022-04-10   | 3202.06  | 51.58  | 3178.10  | 0.75   |           
2022-04-11   | 2979.52  | 42.22  | 3176.12  | -6.19  |           
2022-04-12   | 3029.16  | 44.63  | 3174.66  | -4.58  |           
